503|1|A|001|125|06|05|000000005000000015|
503|1|D|001|301||FOR OTHER DISB|302  FOR OTHER DISB 303  FOR OTHER DISB 304  FOR OTHER DISB 305  FOR OTHER DISB 306  FOR OTHER DISB 307  FOR OTHER DISB 310  MORTGAGE INS   31009USDA/RHS PREM  31101CITY/CNTY COMB 31201COUNTY/CADS    31301CITY/TWN/VIL 1P31501SCHOOL/ISD P1  31601CITY/SCH COMB 131701BOROUGH        31801UTIL.DIST.MUD  32101FIRE/IMPRV DIST32601HOA            32701GROUND RENTS   32801SUP MENTAL TAX 32901DLQ TAX, PEN/IN351  HOMEOWNERS INS 352  FLOOD INSURANCE353  OTHER INSURANCE354  OTHER INSURANCE355  CONDO INSURANCE
5031|20061255|P|1|THIS IS A SAMPLE|||||123 MY PLACES|HOWARD|FL|12345||2207|382||123 MY PLACES                    HOWARD               FL12345 2207|12345 2207|2038043020|2038043020|211428773|0|125|8|1|0|0|0|125|4|1|||||0|0|0|0|0|0|0|155|7|784.58|591.65|192.93|12.11|9.27|77.42|0.00|94.13|0.00|0.00|0.00|0.00|0.00|0.00|0.00|29.58|92400.00|1322.44|0.00|0.00|0.00|0.00|0.00|0.00|0.00|0.00|0.00|486.33|0.00|0.00|0.00|0.00|0.00|0.00|0.00|1322.44|0.00|0.00|0.00|0.00|0.00|1322.44|784.58|0.00|0.00||1|3|SR1|001||1|15|12|6.62500|7|MF|T|1|37|360|||||00||||||||||0.00||||||||||00|||||0|||||0.00||||||||||LDROTAN@GMAIL.COM||||||||||0.00|||||0|||||00||||||||||0.00||||||||||00|||||0|||||92886.33||||||||||0||||||||||0.00|||||0|||||00||||||||||0.00|||||||||
5031|20061255|S|348|0.00||42082506031|0.00|92400.00-|0.00|0.00|0.00|0.00|0.00|0.00|0.00|0.00|0.00|0.00|0.00|0.00|0.00|0.00|0.00|0.00||250603|25|6|3|125|6|3|0|0|0|0.00||||0.00||||||||||0.00||||||||||0.00||||||||||0.00||||||||||0.00||||||||||0.00|||||||||0|00|00
5031|20061255|S|349|0.00||43082506031|0.00|0.00|486.33|0.00|0.00|0.00|0.00|0.00|0.00|0.00|0.00|0.00|0.00|0.00|0.00|0.00|0.00|0.00||250603|25|6|3|125|6|3|0|0|0|0.00||||0.00||||||||||0.00||||||||||0.00||||||||||0.00||||||||||0.00||||||||||0.00|||||||||0|00|00
5031|20061255|S|350|0.00||70082506041|1322.44|0.00|0.00|1322.44|0.00|0.00|0.00|0.00|0.00|0.00|0.00|0.00|0.00|0.00|0.00|0.00|0.00|0.00||250604|25|6|4|125|6|4|0|0|0|0.00||||0.00||||||||||0.00||||||||||0.00||||||||||0.00||||||||||0.00||||||||||0.00|||||||||0|00|00
503|1||V|1|0.00|0.00|0.00|0.00|0.00|0.00|0.00|0.00|0.00|0.00|0.00|0.00|1322.44|0.00|0.00|0.00|0.00|0.00|0.00|0.00|1322.44|1322.44|0.00|0.00|0.00|0.00|0.00|0.00|0.00|0.00|0.00|0.00|0.00|0.00|0.00|0.00|0.00|0.00|0.00|0.00|0.00|0.00|0.00|0.00|0.00|0.00|0.00|0.00|0.00|0.00|0.00|0.00|0.00|0.00|0.00|0.00|0.00
503|1||F|1|0.00|0.00|0.00|0.00|0.00|0.00|0.00|0.00|0.00|0.00|0.00|0.00|0.00|0.00|0.00|0.00|0.00|0.00|0.00|0.00|0.00|0.00|0.00|0.00|0.00|0.00|0.00|0.00|0.00|0.00|0.00|0.00|0.00|0.00|0.00|0.00|0.00
5031|20061458|P|1|THIS IS A SAMPLE|||||123 MY PLACES|HOWARD|FL|12345||2207|382||123 MY PLACES                    HOWARD               FL12345 2207|12345 2207|2038043020|2038043020|211428773|0|125|8|1|0|0|0|125|4|1|||||0|0|0|0|0|0|0|155|7|784.58|591.65|192.93|12.11|9.27|77.42|0.00|94.13|0.00|0.00|0.00|0.00|0.00|0.00|0.00|29.58|92400.00|1322.44|0.00|0.00|0.00|0.00|0.00|0.00|0.00|0.00|0.00|486.33|0.00|0.00|0.00|0.00|0.00|0.00|0.00|1322.44|0.00|0.00|0.00|0.00|0.00|1322.44|784.58|0.00|0.00||1|3|SR1|001||1|15|12|6.62500|7|MF|T|1|37|360|||||00||||||||||0.00||||||||||00|||||0|||||0.00||||||||||LDROTAN@GMAIL.COM||||||||||0.00|||||0|||||00||||||||||0.00||||||||||00|||||0|||||92886.33||||||||||0||||||||||0.00|||||0|||||00||||||||||0.00|||||||||
5031|20061458|S|348|0.00||42082506031|0.00|92400.00-|0.00|0.00|0.00|0.00|0.00|0.00|0.00|0.00|0.00|0.00|0.00|0.00|0.00|0.00|0.00|0.00||250603|25|6|3|125|6|3|0|0|0|0.00||||0.00||||||||||0.00||||||||||0.00||||||||||0.00||||||||||0.00||||||||||0.00|||||||||0|00|00
5031|20061458|S|349|0.00||43082506031|0.00|0.00|486.33|0.00|0.00|0.00|0.00|0.00|0.00|0.00|0.00|0.00|0.00|0.00|0.00|0.00|0.00|0.00||250603|25|6|3|125|6|3|0|0|0|0.00||||0.00||||||||||0.00||||||||||0.00||||||||||0.00||||||||||0.00||||||||||0.00|||||||||0|00|00
5031|20061458|S|350|0.00||70082506041|1322.44|0.00|0.00|1322.44|0.00|0.00|0.00|0.00|0.00|0.00|0.00|0.00|0.00|0.00|0.00|0.00|0.00|0.00||250604|25|6|4|125|6|4|0|0|0|0.00||||0.00||||||||||0.00||||||||||0.00||||||||||0.00||||||||||0.00||||||||||0.00|||||||||0|00|00
503|1||V|1|0.00|0.00|0.00|0.00|0.00|0.00|0.00|0.00|0.00|0.00|0.00|0.00|1322.44|0.00|0.00|0.00|0.00|0.00|0.00|0.00|1322.44|1322.44|0.00|0.00|0.00|0.00|0.00|0.00|0.00|0.00|0.00|0.00|0.00|0.00|0.00|0.00|0.00|0.00|0.00|0.00|0.00|0.00|0.00|0.00|0.00|0.00|0.00|0.00|0.00|0.00|0.00|0.00|0.00|0.00|0.00|0.00|0.00
503|1||F|1|0.00|0.00|0.00|0.00|0.00|0.00|0.00|0.00|0.00|0.00|0.00|0.00|0.00|0.00|0.00|0.00|0.00|0.00|0.00|0.00|0.00|0.00|0.00|0.00|0.00|0.00|0.00|0.00|0.00|0.00|0.00|0.00|0.00|0.00|0.00|0.00|0.00
5031|20061530|P|1|THIS IS A SAMPLE|||||123 MY PLACES|HOWARD|FL|12345||2207|382||123 MY PLACES                    HOWARD               FL12345 2207|12345 2207|2038043020|2038043020|211428773|0|125|8|1|0|0|0|125|4|1|||||0|0|0|0|0|0|0|155|7|784.58|591.65|192.93|12.11|9.27|77.42|0.00|94.13|0.00|0.00|0.00|0.00|0.00|0.00|0.00|29.58|92400.00|1322.44|0.00|0.00|0.00|0.00|0.00|0.00|0.00|0.00|0.00|486.33|0.00|0.00|0.00|0.00|0.00|0.00|0.00|1322.44|0.00|0.00|0.00|0.00|0.00|1322.44|784.58|0.00|0.00||1|3|SR1|001||1|15|12|6.62500|7|MF|T|1|37|360|||||00||||||||||0.00||||||||||00|||||0|||||0.00||||||||||LDROTAN@GMAIL.COM||||||||||0.00|||||0|||||00||||||||||0.00||||||||||00|||||0|||||92886.33||||||||||0||||||||||0.00|||||0|||||00||||||||||0.00|||||||||
5031|20061530|S|348|0.00||42082506031|0.00|92400.00-|0.00|0.00|0.00|0.00|0.00|0.00|0.00|0.00|0.00|0.00|0.00|0.00|0.00|0.00|0.00|0.00||250603|25|6|3|125|6|3|0|0|0|0.00||||0.00||||||||||0.00||||||||||0.00||||||||||0.00||||||||||0.00||||||||||0.00|||||||||0|00|00
5031|20061530|S|349|0.00||43082506031|0.00|0.00|486.33|0.00|0.00|0.00|0.00|0.00|0.00|0.00|0.00|0.00|0.00|0.00|0.00|0.00|0.00|0.00||250603|25|6|3|125|6|3|0|0|0|0.00||||0.00||||||||||0.00||||||||||0.00||||||||||0.00||||||||||0.00||||||||||0.00|||||||||0|00|00
5031|20061530|S|350|0.00||70082506041|1322.44|0.00|0.00|1322.44|0.00|0.00|0.00|0.00|0.00|0.00|0.00|0.00|0.00|0.00|0.00|0.00|0.00|0.00||250604|25|6|4|125|6|4|0|0|0|0.00||||0.00||||||||||0.00||||||||||0.00||||||||||0.00||||||||||0.00||||||||||0.00|||||||||0|00|00
503|1||V|1|0.00|0.00|0.00|0.00|0.00|0.00|0.00|0.00|0.00|0.00|0.00|0.00|1322.44|0.00|0.00|0.00|0.00|0.00|0.00|0.00|1322.44|1322.44|0.00|0.00|0.00|0.00|0.00|0.00|0.00|0.00|0.00|0.00|0.00|0.00|0.00|0.00|0.00|0.00|0.00|0.00|0.00|0.00|0.00|0.00|0.00|0.00|0.00|0.00|0.00|0.00|0.00|0.00|0.00|0.00|0.00|0.00|0.00
503|1||F|1|0.00|0.00|0.00|0.00|0.00|0.00|0.00|0.00|0.00|0.00|0.00|0.00|0.00|0.00|0.00|0.00|0.00|0.00|0.00|0.00|0.00|0.00|0.00|0.00|0.00|0.00|0.00|0.00|0.00|0.00|0.00|0.00|0.00|0.00|0.00|0.00|0.00
5031|20061618|P|1|THIS IS A SAMPLE|||||123 MY PLACES|HOWARD|FL|12345||2207|382||123 MY PLACES                    HOWARD               FL12345 2207|12345 2207|2038043020|2038043020|211428773|0|125|8|1|0|0|0|125|4|1|||||0|0|0|0|0|0|0|155|7|784.58|591.65|192.93|12.11|9.27|77.42|0.00|94.13|0.00|0.00|0.00|0.00|0.00|0.00|0.00|29.58|92400.00|1322.44|0.00|0.00|0.00|0.00|0.00|0.00|0.00|0.00|0.00|486.33|0.00|0.00|0.00|0.00|0.00|0.00|0.00|1322.44|0.00|0.00|0.00|0.00|0.00|1322.44|784.58|0.00|0.00||1|3|SR1|001||1|15|12|6.62500|7|MF|T|1|37|360|||||00||||||||||0.00||||||||||00|||||0|||||0.00||||||||||LDROTAN@GMAIL.COM||||||||||0.00|||||0|||||00||||||||||0.00||||||||||00|||||0|||||92886.33||||||||||0||||||||||0.00|||||0|||||00||||||||||0.00|||||||||
5031|20061618|S|348|0.00||42082506031|0.00|92400.00-|0.00|0.00|0.00|0.00|0.00|0.00|0.00|0.00|0.00|0.00|0.00|0.00|0.00|0.00|0.00|0.00||250603|25|6|3|125|6|3|0|0|0|0.00||||0.00||||||||||0.00||||||||||0.00||||||||||0.00||||||||||0.00||||||||||0.00|||||||||0|00|00
5031|20061618|S|349|0.00||43082506031|0.00|0.00|486.33|0.00|0.00|0.00|0.00|0.00|0.00|0.00|0.00|0.00|0.00|0.00|0.00|0.00|0.00|0.00||250603|25|6|3|125|6|3|0|0|0|0.00||||0.00||||||||||0.00||||||||||0.00||||||||||0.00||||||||||0.00||||||||||0.00|||||||||0|00|00
5031|20061618|S|350|0.00||70082506041|1322.44|0.00|0.00|1322.44|0.00|0.00|0.00|0.00|0.00|0.00|0.00|0.00|0.00|0.00|0.00|0.00|0.00|0.00||250604|25|6|4|125|6|4|0|0|0|0.00||||0.00||||||||||0.00||||||||||0.00||||||||||0.00||||||||||0.00||||||||||0.00|||||||||0|00|00
503|1||V|1|0.00|0.00|0.00|0.00|0.00|0.00|0.00|0.00|0.00|0.00|0.00|0.00|1322.44|0.00|0.00|0.00|0.00|0.00|0.00|0.00|1322.44|1322.44|0.00|0.00|0.00|0.00|0.00|0.00|0.00|0.00|0.00|0.00|0.00|0.00|0.00|0.00|0.00|0.00|0.00|0.00|0.00|0.00|0.00|0.00|0.00|0.00|0.00|0.00|0.00|0.00|0.00|0.00|0.00|0.00|0.00|0.00|0.00
503|1||F|1|0.00|0.00|0.00|0.00|0.00|0.00|0.00|0.00|0.00|0.00|0.00|0.00|0.00|0.00|0.00|0.00|0.00|0.00|0.00|0.00|0.00|0.00|0.00|0.00|0.00|0.00|0.00|0.00|0.00|0.00|0.00|0.00|0.00|0.00|0.00|0.00|0.00
5031|6500001175|P|1|THIS IS A SAMPLE|||||123 MY PLACES|HOWARD|FL|12345||2207|382||123 MY PLACES                    HOWARD               FL12345 2207|12345 2207|2038043020|2038043020|211428773|0|125|8|1|0|0|0|125|4|1|||||0|0|0|0|0|0|0|155|7|784.58|591.65|192.93|12.11|9.27|77.42|0.00|94.13|0.00|0.00|0.00|0.00|0.00|0.00|0.00|29.58|92400.00|1322.44|0.00|0.00|0.00|0.00|0.00|0.00|0.00|0.00|0.00|486.33|0.00|0.00|0.00|0.00|0.00|0.00|0.00|1322.44|0.00|0.00|0.00|0.00|0.00|1322.44|784.58|0.00|0.00||1|3|SR1|001||1|15|12|6.62500|7|MF|T|1|37|360|||||00||||||||||0.00||||||||||00|||||0|||||0.00||||||||||LDROTAN@GMAIL.COM||||||||||0.00|||||0|||||00||||||||||0.00||||||||||00|||||0|||||92886.33||||||||||0||||||||||0.00|||||0|||||00||||||||||0.00|||||||||
5031|6500001175|S|348|0.00||42082506031|0.00|92400.00-|0.00|0.00|0.00|0.00|0.00|0.00|0.00|0.00|0.00|0.00|0.00|0.00|0.00|0.00|0.00|0.00||250603|25|6|3|125|6|3|0|0|0|0.00||||0.00||||||||||0.00||||||||||0.00||||||||||0.00||||||||||0.00||||||||||0.00|||||||||0|00|00
5031|6500001175|S|349|0.00||43082506031|0.00|0.00|486.33|0.00|0.00|0.00|0.00|0.00|0.00|0.00|0.00|0.00|0.00|0.00|0.00|0.00|0.00|0.00||250603|25|6|3|125|6|3|0|0|0|0.00||||0.00||||||||||0.00||||||||||0.00||||||||||0.00||||||||||0.00||||||||||0.00|||||||||0|00|00
5031|6500001175|S|350|0.00||70082506041|1322.44|0.00|0.00|1322.44|0.00|0.00|0.00|0.00|0.00|0.00|0.00|0.00|0.00|0.00|0.00|0.00|0.00|0.00||250604|25|6|4|125|6|4|0|0|0|0.00||||0.00||||||||||0.00||||||||||0.00||||||||||0.00||||||||||0.00||||||||||0.00|||||||||0|00|00
503|1||V|1|0.00|0.00|0.00|0.00|0.00|0.00|0.00|0.00|0.00|0.00|0.00|0.00|1322.44|0.00|0.00|0.00|0.00|0.00|0.00|0.00|1322.44|1322.44|0.00|0.00|0.00|0.00|0.00|0.00|0.00|0.00|0.00|0.00|0.00|0.00|0.00|0.00|0.00|0.00|0.00|0.00|0.00|0.00|0.00|0.00|0.00|0.00|0.00|0.00|0.00|0.00|0.00|0.00|0.00|0.00|0.00|0.00|0.00
503|1||F|1|0.00|0.00|0.00|0.00|0.00|0.00|0.00|0.00|0.00|0.00|0.00|0.00|0.00|0.00|0.00|0.00|0.00|0.00|0.00|0.00|0.00|0.00|0.00|0.00|0.00|0.00|0.00|0.00|0.00|0.00|0.00|0.00|0.00|0.00|0.00|0.00|0.00
